2 1 935 89 245 626 -1 -1 -1 -1 
2 2 225 279 71 223 -1 -1 -1 -1 
2 3 427 295 65 187 -1 -1 -1 -1 
2 4 369 298 71 190 -1 -1 -1 -1 
2 5 15 293 57 146 -1 -1 -1 -1 
2 6 535 292 95 287 -1 -1 -1 -1 
2 7 282 297 59 207 -1 -1 -1 -1 
2 8 116 273 101 287 -1 -1 -1 -1 
3 1 899 99 246 612 -1 -1 -1 -1 
3 2 224 279 70 221 -1 -1 -1 -1 
3 3 427 294 65 188 -1 -1 -1 -1 
3 4 367 301 70 185 -1 -1 -1 -1 
3 5 15 293 56 145 -1 -1 -1 -1 
3 6 536 299 90 274 -1 -1 -1 -1 
3 7 281 299 58 207 -1 -1 -1 -1 
3 8 120 276 99 281 -1 -1 -1 -1 
4 1 901 111 246 602 -1 -1 -1 -1 
4 2 222 280 70 221 -1 -1 -1 -1 
4 3 426 295 64 184 -1 -1 -1 -1 
4 4 366 299 70 186 -1 -1 -1 -1 
4 5 15 294 55 142 -1 -1 -1 -1 
4 6 534 301 91 271 -1 -1 -1 -1 
4 7 281 300 57 205 -1 -1 -1 -1 
4 8 121 280 98 280 -1 -1 -1 -1 
5 1 858 111 257 605 -1 -1 -1 -1 
5 2 217 281 71 223 -1 -1 -1 -1 
5 3 425 295 64 184 -1 -1 -1 -1 
5 4 363 297 71 190 -1 -1 -1 -1 
5 5 14 295 56 143 -1 -1 -1 -1 
5 6 533 301 92 273 -1 -1 -1 -1 
5 7 278 301 59 207 -1 -1 -1 -1 
5 8 121 287 96 277 -1 -1 -1 -1 
6 1 827 120 265 599 -1 -1 -1 -1 
6 2 216 281 69 220 -1 -1 -1 -1 
6 3 424 296 63 180 -1 -1 -1 -1 
6 4 362 297 71 189 -1 -1 -1 -1 
6 5 13 295 55 142 -1 -1 -1 -1 
6 6 531 303 91 270 -1 -1 -1 -1 
6 7 276 299 58 206 -1 -1 -1 -1 
6 8 121 278 101 290 -1 -1 -1 -1 
7 1 792 125 273 590 -1 -1 -1 -1 
7 2 213 285 69 216 -1 -1 -1 -1 
7 3 424 298 62 176 -1 -1 -1 -1 
7 4 359 297 71 187 -1 -1 -1 -1 
7 5 12 296 55 141 -1 -1 -1 -1 
7 6 529 303 91 268 -1 -1 -1 -1 
7 7 273 299 59 207 -1 -1 -1 -1 
7 8 121 277 102 292 -1 -1 -1 -1 
8 1 756 126 283 591 -1 -1 -1 -1 
8 2 212 288 69 217 -1 -1 -1 -1 
8 3 423 298 61 175 -1 -1 -1 -1 
8 4 357 298 70 185 -1 -1 -1 -1 
8 5 12 297 54 139 -1 -1 -1 -1 
8 6 523 301 93 268 -1 -1 -1 -1 
8 7 270 299 60 207 -1 -1 -1 -1 
8 8 122 277 102 293 -1 -1 -1 -1 
9 1 718 126 292 592 -1 -1 -1 -1 
9 2 213 291 69 217 -1 -1 -1 -1 
9 3 421 299 62 177 -1 -1 -1 -1 
9 4 353 300 70 185 -1 -1 -1 -1 
9 5 10 298 55 138 -1 -1 -1 -1 
9 6 515 303 91 262 -1 -1 -1 -1 
9 7 265 298 59 206 -1 -1 -1 -1 
9 8 148 281 97 283 -1 -1 -1 -1 
9 10 359 304 128 177 -1 -1 -1 -1 
10 1 697 127 301 592 -1 -1 -1 -1 
10 2 214 291 68 218 -1 -1 -1 -1 
10 3 419 299 62 177 -1 -1 -1 -1 
10 4 350 302 71 181 -1 -1 -1 -1 
10 5 8 298 55 139 -1 -1 -1 -1 
10 6 510 301 91 264 -1 -1 -1 -1 
10 7 261 298 60 204 -1 -1 -1 -1 
10 8 157 285 97 285 -1 -1 -1 -1 
10 10 357 305 127 175 -1 -1 -1 -1 
10 11 1035 291 86 330 -1 -1 -1 -1 
11 1 675 128 305 589 -1 -1 -1 -1 
11 2 213 292 67 218 -1 -1 -1 -1 
11 3 419 298 63 178 -1 -1 -1 -1 
11 4 348 300 72 185 -1 -1 -1 -1 
11 5 7 296 55 142 -1 -1 -1 -1 
11 6 506 301 90 262 -1 -1 -1 -1 
11 7 259 300 59 203 -1 -1 -1 -1 
11 8 153 276 104 297 -1 -1 -1 -1 
11 10 355 303 129 178 -1 -1 -1 -1 
11 11 1025 288 86 323 -1 -1 -1 -1 
12 1 655 123 307 588 -1 -1 -1 -1 
12 3 417 298 62 176 -1 -1 -1 -1 
12 4 346 301 72 182 -1 -1 -1 -1 
12 5 6 295 55 143 -1 -1 -1 -1 
12 6 499 301 91 263 -1 -1 -1 -1 
12 7 257 300 58 199 -1 -1 -1 -1 
12 8 152 268 109 308 -1 -1 -1 -1 
12 10 355 302 129 177 -1 -1 -1 -1 
12 11 1016 296 85 315 -1 -1 -1 -1 
13 1 639 122 308 589 -1 -1 -1 -1 
13 3 416 299 62 175 -1 -1 -1 -1 
13 4 345 303 72 179 -1 -1 -1 -1 
13 5 4 295 55 142 -1 -1 -1 -1 
13 6 495 302 90 264 -1 -1 -1 -1 
13 7 254 300 57 194 -1 -1 -1 -1 
13 8 157 265 112 312 -1 -1 -1 -1 
13 10 353 301 129 178 -1 -1 -1 -1 
13 11 1011 294 86 314 -1 -1 -1 -1 
14 1 630 120 308 596 -1 -1 -1 -1 
14 3 414 298 62 174 -1 -1 -1 -1 
14 4 344 303 72 179 -1 -1 -1 -1 
14 5 4 295 54 140 -1 -1 -1 -1 
14 6 491 301 91 266 -1 -1 -1 -1 
14 7 252 297 58 198 -1 -1 -1 -1 
14 8 161 265 113 315 -1 -1 -1 -1 
14 11 1002 288 89 319 -1 -1 -1 -1 
15 1 625 117 305 601 -1 -1 -1 -1 
15 2 211 285 89 285 -1 -1 -1 -1 
15 3 412 297 62 175 -1 -1 -1 -1 
15 4 343 302 72 180 -1 -1 -1 -1 
15 5 3 294 53 140 -1 -1 -1 -1 
15 6 488 302 90 262 -1 -1 -1 -1 
15 7 244 294 67 228 -1 -1 -1 -1 
15 8 154 260 116 322 -1 -1 -1 -1 
15 11 993 285 89 320 -1 -1 -1 -1 
16 1 616 118 298 600 -1 -1 -1 -1 
16 2 211 285 91 286 -1 -1 -1 -1 
16 3 410 297 61 173 -1 -1 -1 -1 
16 4 340 301 72 180 -1 -1 -1 -1 
16 5 2 294 53 139 -1 -1 -1 -1 
16 6 486 303 90 261 -1 -1 -1 -1 
16 7 241 294 68 230 -1 -1 -1 -1 
16 8 162 270 114 311 -1 -1 -1 -1 
16 11 986 284 88 316 -1 -1 -1 -1 
17 1 599 125 289 594 -1 -1 -1 -1 
17 2 210 285 93 292 -1 -1 -1 -1 
17 3 408 298 61 169 -1 -1 -1 -1 
17 4 338 300 73 180 -1 -1 -1 -1 
17 5 2 295 52 137 -1 -1 -1 -1 
17 6 479 303 92 262 -1 -1 -1 -1 
17 8 170 276 113 304 -1 -1 -1 -1 
17 11 980 281 90 318 -1 -1 -1 -1 
18 1 581 130 283 589 -1 -1 -1 -1 
18 3 405 300 61 169 -1 -1 -1 -1 
18 4 336 300 72 180 -1 -1 -1 -1 
18 5 1 295 52 139 -1 -1 -1 -1 
18 6 476 301 93 264 -1 -1 -1 -1 
18 8 172 286 111 295 -1 -1 -1 -1 
18 11 973 282 90 320 -1 -1 -1 -1 
18 13 123 286 66 204 -1 -1 -1 -1 
19 1 568 131 276 586 -1 -1 -1 -1 
19 3 404 301 60 167 -1 -1 -1 -1 
19 4 335 301 71 179 -1 -1 -1 -1 
19 5 1 295 52 138 -1 -1 -1 -1 
19 6 474 300 94 265 -1 -1 -1 -1 
19 8 176 283 113 297 -1 -1 -1 -1 
19 11 962 281 92 320 -1 -1 -1 -1 
19 13 123 284 67 208 -1 -1 -1 -1 
20 1 553 137 269 580 -1 -1 -1 -1 
20 3 402 301 62 171 -1 -1 -1 -1 
20 4 333 301 71 180 -1 -1 -1 -1 
20 5 0 297 51 134 -1 -1 -1 -1 
20 6 473 302 93 260 -1 -1 -1 -1 
20 8 181 274 116 306 -1 -1 -1 -1 
20 11 951 282 95 317 -1 -1 -1 -1 
20 13 122 286 67 207 -1 -1 -1 -1 
21 1 538 151 258 568 -1 -1 -1 -1 
21 3 399 301 63 172 -1 -1 -1 -1 
21 4 332 301 71 180 -1 -1 -1 -1 
21 5 0 298 50 131 -1 -1 -1 -1 
21 6 471 302 93 259 -1 -1 -1 -1 
21 8 188 275 114 303 -1 -1 -1 -1 
21 11 945 285 97 312 -1 -1 -1 -1 
21 13 120 286 67 207 -1 -1 -1 -1 
22 1 516 149 256 570 -1 -1 -1 -1 
22 3 398 302 62 170 -1 -1 -1 -1 
22 4 330 301 71 180 -1 -1 -1 -1 
22 5 0 299 49 130 -1 -1 -1 -1 
22 6 468 302 93 258 -1 -1 -1 -1 
22 8 194 269 113 307 -1 -1 -1 -1 
22 11 941 286 101 311 -1 -1 -1 -1 
22 13 118 284 68 210 -1 -1 -1 -1 
23 1 495 149 251 570 -1 -1 -1 -1 
23 3 396 302 63 172 -1 -1 -1 -1 
23 4 328 301 72 182 -1 -1 -1 -1 
23 5 0 300 49 130 -1 -1 -1 -1 
23 6 463 302 92 258 -1 -1 -1 -1 
23 8 192 276 112 302 -1 -1 -1 -1 
23 11 939 293 100 303 -1 -1 -1 -1 
23 13 114 282 70 215 -1 -1 -1 -1 
24 1 472 151 245 567 -1 -1 -1 -1 
24 2 175 284 82 266 -1 -1 -1 -1 
24 3 393 302 64 172 -1 -1 -1 -1 
24 4 328 301 70 179 -1 -1 -1 -1 
24 5 0 300 49 131 -1 -1 -1 -1 
24 6 455 302 89 257 -1 -1 -1 -1 
24 8 189 279 111 302 -1 -1 -1 -1 
24 11 932 296 101 299 -1 -1 -1 -1 
24 13 113 284 70 212 -1 -1 -1 -1 
